SVC(C=63.528612932792896, cache_size=512, coef0=0.013841950840293375,
    degree=4.0, gamma=0.010943245680342117, kernel='poly', max_iter=37668251.0,
    probability=True, random_state=0, tol=0.0044811512309923685)